# Matter power spectrum P(k) at redshift z=0
# for k=1.03438e-05 to 1.68952 h/Mpc,
# number of wavenumbers equal to 608
#    1:k (h/Mpc)              2:P (Mpc/h)^3        
       1.034377253691e-05       4.271705106473e+01 
       2.298708182451e-05       1.000969547269e+02 
       3.567345449244e-05       1.550716727852e+02 
       4.843577427755e-05       2.094700467277e+02 
       6.130745099128e-05       2.628728183600e+02 
       7.432270757525e-05       3.163814146687e+02 
       8.751687603871e-05       3.707538804714e+02 
       1.009267060800e-04       4.256555793538e+02 
       1.145906902245e-04       4.813700214540e+02 
       1.285494093424e-04       5.381313179539e+02 
       1.428459024225e-04       5.962653911232e+02 
       1.575260644373e-04       6.557539317420e+02 
       1.726390760009e-04       7.169818152159e+02 
       1.882378682370e-04       7.802985636906e+02 
       2.043796257592e-04       8.457857356284e+02 
       2.211263298185e-04       9.137877890183e+02 
       2.385453423630e-04       9.846394915279e+02 
       2.567100297960e-04       1.058696580876e+03 
       2.757004224129e-04       1.136358194297e+03 
       2.956039015646e-04       1.218076981509e+03 
       3.165159012327e-04       1.304262699502e+03 
       3.385406035829e-04       1.395487356923e+03 
       3.617915988427e-04       1.492322874419e+03 
       3.863924682796e-04       1.595458241145e+03 
       4.124772350482e-04       1.705572547291e+03 
       4.401906114968e-04       1.823473318595e+03 
       4.696879539980e-04       1.950025057691e+03 
       5.011348192022e-04       2.086169516750e+03 
       5.347060016639e-04       2.232929865232e+03 
       5.705839263313e-04       2.391373362318e+03 
       6.089562760964e-04       2.562625685406e+03 
       6.500127610742e-04       2.747828650318e+03 
       6.939409888116e-04       2.948108020191e+03 
       7.409214770804e-04       3.164531096203e+03 
       7.911219617846e-04       3.398040854786e+03 
       8.446912819979e-04       3.649414124928e+03 
       9.017532524651e-04       3.919184782316e+03 
       9.624010327318e-04       4.207594660835e+03 
       1.026692540352e-03       4.514553384190e+03 
       1.094647409205e-03       4.839630240760e+03 
       1.166245856174e-03       5.182049342802e+03 
       1.241429607779e-03       5.540758488837e+03 
       1.320104792576e-03       5.914524327838e+03 
       1.402146476547e-03       6.301916570396e+03 
       1.487404353598e-03       6.701342937555e+03 
       1.575709029114e-03       7.111239559388e+03 
       1.666878353085e-03       7.530009452108e+03 
       1.760723350695e-03       7.956101122012e+03 
       1.857053430409e-03       8.388034293633e+03 
       1.955680690280e-03       8.824450098824e+03 
       2.056423267540e-03       9.264006172781e+03 
       2.159107771091e-03       9.705580339735e+03 
       2.263570897497e-03       1.014803340358e+04 
       2.369660362164e-03       1.059049910865e+04 
       2.477235285311e-03       1.103207227078e+04 
       2.586166164940e-03       1.147203448768e+04 
       2.696334552844e-03       1.190973300395e+04 
       2.807632530005e-03       1.234459031214e+04 
       2.919962057766e-03       1.277613738013e+04 
       3.033234262958e-03       1.320393492443e+04 
       3.147368699632e-03       1.362763353151e+04 
       3.262292617382e-03       1.404696027157e+04 
       3.377940256374e-03       1.446156942715e+04 
       3.494252181679e-03       1.487127904737e+04 
       3.611174664012e-03       1.527593589176e+04 
       3.728659110039e-03       1.567534002866e+04 
       3.846661542716e-03       1.606937935837e+04 
       3.965142130290e-03       1.645796459241e+04 
       4.084064761512e-03       1.684096611517e+04 
       4.203396663926e-03       1.721837527256e+04 
       4.323108061794e-03       1.759014998277e+04 
       4.443171870167e-03       1.795616912444e+04 
       4.563563421631e-03       1.831649547563e+04 
       4.684260222456e-03       1.867116348134e+04 
       4.805241735092e-03       1.902006912941e+04 
       4.926489184177e-03       1.936322535447e+04 
       5.047985383499e-03       1.970067581222e+04 
       5.169714581592e-03       2.003242943277e+04 
       5.291662323884e-03       2.035849534944e+04 
       5.413815329537e-03       2.067889302160e+04 
       5.536161381329e-03       2.099372383403e+04 
       5.658689227102e-03       2.130297015756e+04 
       5.781388491478e-03       2.160665149020e+04 
       5.904249596697e-03       2.190482148636e+04 
       6.027263691543e-03       2.219756070683e+04 
       6.150422587470e-03       2.248486623392e+04 
       6.273718701141e-03       2.276682211011e+04 
       6.397145002646e-03       2.304347362344e+04 
       6.520694968825e-03       2.331481521652e+04 
       6.644362541099e-03       2.358096080531e+04 
       6.768142087365e-03       2.384196133286e+04 
       6.892028367498e-03       2.409781260110e+04 
       7.016016502094e-03       2.434864037065e+04 
       7.140101944110e-03       2.459441430752e+04 
       7.264280453113e-03       2.483519853679e+04 
       7.388548071852e-03       2.507112345893e+04 
       7.512901104944e-03       2.530215888983e+04 
       7.637336099439e-03       2.552842998387e+04 
       7.761849827095e-03       2.574990272011e+04 
       7.886439268188e-03       2.596664374824e+04 
       8.011101596706e-03       2.617876877249e+04 
       8.135834166804e-03       2.638624388154e+04 
       8.260634500393e-03       2.658927334176e+04 
       8.385500275756e-03       2.678765186605e+04 
       8.510429317101e-03       2.698165667519e+04 
       8.635419584962e-03       2.717124126371e+04 
       8.760469167372e-03       2.735644223565e+04 
       8.885576271737e-03       2.753740909198e+04 
       9.010739217351e-03       2.771405621480e+04 
       9.135956428498e-03       2.788650709824e+04 
       9.261226428080e-03       2.805479510474e+04 
       9.386547831739e-03       2.821898856813e+04 
       9.511919342425e-03       2.837912089680e+04 
       9.637339745369e-03       2.853517627715e+04 
       9.762807903431e-03       2.868734613132e+04 
       9.888322752799e-03       2.883550381540e+04 
       1.001388329899e-02       2.897977177212e+04 
       1.013948861317e-02       2.912022888364e+04 
       1.026513782870e-02       2.925687126251e+04 
       1.039083013794e-02       2.938979937934e+04 
       1.051656478936e-02       2.951898046608e+04 
       1.064234108470e-02       2.964453707026e+04 
       1.076815837648e-02       2.976643238596e+04 
       1.089401606560e-02       2.988474483665e+04 
       1.101991359916e-02       2.999949651645e+04 
       1.114585046836e-02       3.011079074511e+04 
       1.127182620663e-02       3.021861431073e+04 
       1.139784038784e-02       3.032297773668e+04 
       1.152389262466e-02       3.042403157094e+04 
       1.164998256697e-02       3.052175149875e+04 
       1.177610990051e-02       3.061612044498e+04 
       1.190227434546e-02       3.070729647025e+04 
       1.202847565527e-02       3.079519277747e+04 
       1.215471361547e-02       3.087994975454e+04 
       1.228098804261e-02       3.096148342115e+04 
       1.240729878326e-02       3.104001162779e+04 
       1.253364571308e-02       3.111541809156e+04 
       1.266002873599e-02       3.118779950410e+04 
       1.278644778335e-02       3.125721795647e+04 
       1.291290281321e-02       3.132363441589e+04 
       1.303939380966e-02       3.138711634284e+04 
       1.316592078220e-02       3.144779029929e+04 
       1.329248376514e-02       3.150555109991e+04 
       1.341908281708e-02       3.156055534476e+04 
       1.354571802040e-02       3.161270794308e+04 
       1.367238948086e-02       3.166213998752e+04 
       1.379909732714e-02       3.170887230993e+04 
       1.392584171050e-02       3.175294881180e+04 
       1.405262280444e-02       3.179435201705e+04 
       1.417944080438e-02       3.183316600334e+04 
       1.430629592742e-02       3.186939642154e+04 
       1.443318841207e-02       3.190307302344e+04 
       1.456011851807e-02       3.193423424961e+04 
       1.468708652619e-02       3.196294811974e+04 
       1.481409273807e-02       3.198919088856e+04 
       1.494113747611e-02       3.201301980596e+04 
       1.506822108336e-02       3.203445908628e+04 
       1.519534392343e-02       3.205357908254e+04 
       1.532250638045e-02       3.207035108560e+04 
       1.544970885901e-02       3.208487896900e+04 
       1.557695178417e-02       3.209708866507e+04 
       1.570423560146e-02       3.210707395038e+04 
       1.583156077691e-02       3.211487270367e+04 
       1.595892779709e-02       3.212050212987e+04 
       1.608633716918e-02       3.212394334660e+04 
       1.621378942108e-02       3.212531542186e+04 
       1.634128510146e-02       3.212457152636e+04 
       1.646882477995e-02       3.212181311838e+04 
       1.659640904721e-02       3.211699783953e+04 
       1.672403851517e-02       3.211015374196e+04 
       1.685171381711e-02       3.210140179967e+04 
       1.697943560795e-02       3.209066506669e+04 
       1.710720456437e-02       3.207803499143e+04 
       1.723502138510e-02       3.206347486699e+04 
       1.736288679114e-02       3.204715482560e+04 
       1.749080152602e-02       3.202882982910e+04 
       1.761876635605e-02       3.200885560366e+04 
       1.774678207067e-02       3.198714139130e+04 
       1.787484948272e-02       3.196329312633e+04 
       1.800296942875e-02       3.193814444476e+04 
       1.813114276941e-02       3.191113529401e+04 
       1.825937038976e-02       3.188225703645e+04 
       1.838765319968e-02       3.185209562256e+04 
       1.851599213425e-02       3.181991415148e+04 
       1.864438815415e-02       3.178658011754e+04 
       1.877284224610e-02       3.175103137915e+04 
       1.890135542330e-02       3.171426450685e+04 
       1.902992872588e-02       3.167620691693e+04 
       1.915856322142e-02       3.163614039666e+04 
       1.928726000539e-02       3.159513227029e+04 
       1.941602020169e-02       3.155241768392e+04 
       1.954484496322e-02       3.150833085793e+04 
       1.967373547237e-02       3.146247348966e+04 
       1.980269294164e-02       3.141565989968e+04 
       1.993171861423e-02       3.136713605748e+04 
       2.006081376463e-02       3.131749011013e+04 
       2.018997969927e-02       3.126658853289e+04 
       2.031921775719e-02       3.121413357834e+04 
       2.044852931067e-02       3.116037987822e+04 
       2.057791576599e-02       3.110544518522e+04 
       2.070737856411e-02       3.104955933869e+04 
       2.083691918144e-02       3.099235252749e+04 
       2.096653913058e-02       3.093376523164e+04 
       2.109623996116e-02       3.087412332854e+04 
       2.122602326060e-02       3.081351591011e+04 
       2.135589065503e-02       3.075147651915e+04 
       2.148584381008e-02       3.068835828555e+04 
       2.161588443185e-02       3.062451682485e+04 
       2.174601426780e-02       3.055932021466e+04 
       2.187623510771e-02       3.049296996402e+04 
       2.200654878468e-02       3.042579748465e+04 
       2.213695717615e-02       3.035767641633e+04 
       2.226746220493e-02       3.028851863914e+04 
       2.239806584030e-02       3.021849936107e+04 
       2.252877009912e-02       3.014744701835e+04 
       2.265957704700e-02       3.007529868442e+04 
       2.279048879944e-02       3.000237508724e+04 
       2.292150752313e-02       2.992862834763e+04 
       2.305263543715e-02       2.985411553741e+04 
       2.318387481430e-02       2.977860623201e+04 
       2.331522798245e-02       2.970239494367e+04 
       2.344669732592e-02       2.962537715927e+04 
       2.357828528692e-02       2.954741082169e+04 
       2.370999436702e-02       2.946890207786e+04 
       2.384182712870e-02       2.938933712301e+04 
       2.397378619689e-02       2.930957958574e+04 
       2.410587426062e-02       2.922836070793e+04 
       2.423809407471e-02       2.914716017468e+04 
       2.437044846146e-02       2.906481551561e+04 
       2.450294031251e-02       2.898192119459e+04 
       2.463557259063e-02       2.889835925332e+04 
       2.476834833166e-02       2.881433371947e+04 
       2.490127064650e-02       2.872961978555e+04 
       2.503434272311e-02       2.864427705079e+04 
       2.516756782865e-02       2.855821009687e+04 
       2.530094931169e-02       2.847170277197e+04 
       2.543449060440e-02       2.838462018045e+04 
       2.556819522493e-02       2.829718750679e+04 
       2.570206677983e-02       2.820908381928e+04 
       2.583610896652e-02       2.812042934541e+04 
       2.597032557588e-02       2.803133853749e+04 
       2.610472049496e-02       2.794182478271e+04 
       2.623929770972e-02       2.785161957478e+04 
       2.637406130789e-02       2.776112521428e+04 
       2.650901548198e-02       2.767022110987e+04 
       2.664416453232e-02       2.757883415699e+04 
       2.677951287028e-02       2.748713540863e+04 
       2.691506502155e-02       2.739487296355e+04 
       2.705082562962e-02       2.730251168129e+04 
       2.718679945925e-02       2.720960346009e+04 
       2.732299140025e-02       2.711642739119e+04 
       2.745940647125e-02       2.702278682335e+04 
       2.759604982368e-02       2.692890046462e+04 
       2.773292674590e-02       2.683467983558e+04 
       2.787004266751e-02       2.674012276477e+04 
       2.800740316374e-02       2.664522547436e+04 
       2.814501396010e-02       2.655018965840e+04 
       2.828288093719e-02       2.645488747737e+04 
       2.842101013567e-02       2.635922214561e+04 
       2.855940776149e-02       2.626337391870e+04 
       2.869808019122e-02       2.616725373825e+04 
       2.883703397775e-02       2.607093738980e+04 
       2.897627585608e-02       2.597430791544e+04 
       2.911581274943e-02       2.587765354377e+04 
       2.925565177557e-02       2.578076576767e+04 
       2.939580025347e-02       2.568358464170e+04 
       2.953626571012e-02       2.558629285468e+04 
       2.967705588775e-02       2.548888073779e+04 
       2.981817875132e-02       2.539127978899e+04 
       2.995964249633e-02       2.529357776766e+04 
       3.010145555696e-02       2.519568243964e+04 
       3.024362661457e-02       2.509769654460e+04 
       3.038616460667e-02       2.499954210862e+04 
       3.052907873610e-02       2.490130101501e+04 
       3.067237848084e-02       2.480306425114e+04 
       3.081607360410e-02       2.470464377828e+04 
       3.096017416497e-02       2.460611360742e+04 
       3.110469052957e-02       2.450757079373e+04 
       3.124963338261e-02       2.440890736767e+04 
       3.139501373969e-02       2.431015013014e+04 
       3.154084295998e-02       2.421145880637e+04 
       3.168713275967e-02       2.411254259191e+04 
       3.183389522602e-02       2.401375668472e+04 
       3.198114283208e-02       2.391486901747e+04 
       3.212888845217e-02       2.381594681756e+04 
       3.227714537814e-02       2.371692873748e+04 
       3.242592733645e-02       2.361808169564e+04 
       3.257524850613e-02       2.351910505480e+04 
       3.272512353765e-02       2.342010963927e+04 
       3.287556757281e-02       2.332115419030e+04 
       3.302659626564e-02       2.322219404616e+04 
       3.317822580451e-02       2.312313614342e+04 
       3.333047293527e-02       2.302429505943e+04 
       3.348335498583e-02       2.292534869116e+04 
       3.363688989202e-02       2.282643895716e+04 
       3.379109622482e-02       2.272751723278e+04 
       3.394599321929e-02       2.262869390496e+04 
       3.410160080501e-02       2.252994771797e+04 
       3.425793963833e-02       2.243109229203e+04 
       3.441503113652e-02       2.233239326863e+04 
       3.457289751391e-02       2.223374168245e+04 
       3.473156182019e-02       2.213505459835e+04 
       3.489104798104e-02       2.203646170125e+04 
       3.505138084123e-02       2.193795284287e+04 
       3.521258621040e-02       2.183947773224e+04 
       3.537469091170e-02       2.174105683937e+04 
       3.553772283353e-02       2.164265873723e+04 
       3.570171098457e-02       2.154431898874e+04 
       3.586668555244e-02       2.144606294973e+04 
       3.603267796617e-02       2.134786732811e+04 
       3.619972096284e-02       2.124976790802e+04 
       3.636784865883e-02       2.115164568116e+04 
       3.653709662576e-02       2.105356202904e+04 
       3.670750197188e-02       2.095566408043e+04 
       3.687910342907e-02       2.085775492324e+04 
       3.705194144609e-02       2.075988547385e+04 
       3.722605828857e-02       2.066212471321e+04 
       3.740149814632e-02       2.056438514279e+04 
       3.757830724861e-02       2.046670208818e+04 
       3.775653398816e-02       2.036905273155e+04 
       3.793622905462e-02       2.027147435430e+04 
       3.811744557841e-02       2.017396717126e+04 
       3.830023928589e-02       2.007650322668e+04 
       3.848466866697e-02       1.997898789356e+04 
       3.867079515631e-02       1.988157897158e+04 
       3.885868332951e-02       1.978420094892e+04 
       3.904840111573e-02       1.968683830837e+04 
       3.924002002844e-02       1.958951128816e+04 
       3.943361541613e-02       1.949209591574e+04 
       3.962926673512e-02       1.939482161479e+04 
       3.982705784679e-02       1.929750512765e+04 
       4.002707734182e-02       1.920018929492e+04 
       4.022941889459e-02       1.910285399415e+04 
       4.043418165087e-02       1.900550150571e+04 
       4.064147065278e-02       1.890812426357e+04 
       4.085139730524e-02       1.881067077145e+04 
       4.106407988896e-02       1.871321998738e+04 
       4.127964412526e-02       1.861563367270e+04 
       4.149822379948e-02       1.851808671332e+04 
       4.171996144993e-02       1.842039949607e+04 
       4.194500913096e-02       1.832261330266e+04 
       4.217352925967e-02       1.822466175347e+04 
       4.240569555738e-02       1.812669379247e+04 
       4.264169409856e-02       1.802852457119e+04 
       4.288172448228e-02       1.793019683417e+04 
       4.312600114316e-02       1.783170054566e+04 
       4.337475482208e-02       1.773301157399e+04 
       4.362823422012e-02       1.763408842465e+04 
       4.388670786315e-02       1.753491626018e+04 
       4.415046620966e-02       1.743550109176e+04 
       4.441982403988e-02       1.733580303306e+04 
       4.469512317159e-02       1.723571905439e+04 
       4.497673555644e-02       1.713535833556e+04 
       4.526506682091e-02       1.703460574869e+04 
       4.556056032887e-02       1.693341190059e+04 
       4.586370185814e-02       1.683177632493e+04 
       4.617502500260e-02       1.672958781136e+04 
       4.649511743501e-02       1.662690153504e+04 
       4.682462819507e-02       1.652360119323e+04 
       4.716427620371e-02       1.641970529022e+04 
       4.751486025051e-02       1.631505182357e+04 
       4.787727075832e-02       1.620960889749e+04 
       4.825250370191e-02       1.610329756097e+04 
       4.864167714890e-02       1.599605841439e+04 
       4.904605100801e-02       1.588774296830e+04 
       4.946705071735e-02       1.577830026306e+04 
       4.990629579499e-02       1.566761839852e+04 
       5.036563441423e-02       1.555548339108e+04 
       5.084718547252e-02       1.544177567079e+04 
       5.135339001023e-02       1.532625961446e+04 
       5.188707432017e-02       1.520875154850e+04 
       5.245152768425e-02       1.508891079853e+04 
       5.305059838018e-02       1.496648331974e+04 
       5.368881238862e-02       1.484094943649e+04 
       5.437151999697e-02       1.471191390202e+04 
       5.510507598787e-02       1.457864904353e+04 
       5.589705876535e-02       1.444028745650e+04 
       5.675653146941e-02       1.429578889315e+04 
       5.769434164617e-02       1.414376161839e+04 
       5.872344129220e-02       1.398219330127e+04 
       5.985917913846e-02       1.380853326847e+04 
       6.111946164311e-02       1.361924026686e+04 
       6.252458767607e-02       1.340959869003e+04 
       6.409643662249e-02       1.317329001867e+04 
       6.585658180293e-02       1.290233283987e+04 
       6.782297035109e-02       1.258736387074e+04 
       7.000533730381e-02       1.221860197151e+04 
       7.240065619942e-02       1.178863400980e+04 
       7.499106357725e-02       1.129528834404e+04 
       7.774629980839e-02       1.074468612173e+04 
       8.063009913056e-02       1.015160114318e+04 
       8.360731186994e-02       9.537795483896e+03 
       8.664864050675e-02       8.927975364386e+03 
       8.973216211099e-02       8.345476971653e+03 
       9.284265232519e-02       7.809539334389e+03 
       9.597005225540e-02       7.333227623357e+03 
       9.910792646313e-02       6.923715557820e+03 
       1.001428571429e-01       6.803737286058e+03 
       1.022522405909e-01       6.581699506522e+03 
       1.054004972388e-01       6.302716888991e+03 
       1.085511623263e-01       6.078841611048e+03 
       1.117032978721e-01       5.899037180583e+03 
       1.148563319082e-01       5.750871557408e+03 
       1.180099161535e-01       5.621325531411e+03 
       1.211638386505e-01       5.498217430794e+03 
       1.243179703885e-01       5.371083345417e+03 
       1.274722327812e-01       5.232025937924e+03 
       1.306265778845e-01       5.076341097008e+03 
       1.337809763758e-01       4.902645535765e+03 
       1.369354102519e-01       4.712691632910e+03 
       1.400898683964e-01       4.510737228955e+03 
       1.432443438866e-01       4.302689150389e+03 
       1.463988323591e-01       4.095204613300e+03 
       1.495533310161e-01       3.894816656207e+03 
       1.527078380218e-01       3.707202316611e+03 
       1.558623521345e-01       3.536720847689e+03 
       1.590168724829e-01       3.386080914543e+03 
       1.621713984292e-01       3.256311555580e+03 
       1.653259294853e-01       3.146865234666e+03 
       1.684804652616e-01       3.055846062313e+03 
       1.716350054344e-01       2.980327295541e+03 
       1.747895497264e-01       2.916684958718e+03 
       1.779440978943e-01       2.861057077881e+03 
       1.810986497199e-01       2.810237584827e+03 
       1.842532050054e-01       2.759667805473e+03 
       1.874077635697e-01       2.706264194075e+03 
       1.905623252454e-01       2.647827421012e+03 
       1.937168898775e-01       2.583245346900e+03 
       1.968714573216e-01       2.512460088415e+03 
       2.000260274429e-01       2.436412633005e+03 
       2.031806001154e-01       2.356693878360e+03 
       2.063351752208e-01       2.275333748430e+03 
       2.094897526483e-01       2.194424124459e+03 
       2.126443322938e-01       2.115986050087e+03 
       2.157989140591e-01       2.041723716380e+03 
       2.189534978519e-01       1.972942736936e+03 
       2.221080835853e-01       1.910542101077e+03 
       2.252626711772e-01       1.854927687477e+03 
       2.284172605499e-01       1.806040453263e+03 
       2.315718516302e-01       1.763381530130e+03 
       2.347264443489e-01       1.726073808956e+03 
       2.378810386403e-01       1.692985025082e+03 
       2.410356344422e-01       1.662819051359e+03 
       2.441902316958e-01       1.634296333551e+03 
       2.473448303451e-01       1.606240361916e+03 
       2.504994303370e-01       1.577684277842e+03 
       2.536540316213e-01       1.547929535104e+03 
       2.568086341499e-01       1.516537155942e+03 
       2.599632378773e-01       1.483389195358e+03 
       2.631178427602e-01       1.448613050251e+03 
       2.662724487571e-01       1.412593002849e+03 
       2.694270558288e-01       1.375894857275e+03 
       2.725816639377e-01       1.339201177350e+03 
       2.757362730480e-01       1.303227109545e+03 
       2.788908831256e-01       1.268614416003e+03 
       2.820454941378e-01       1.235883870805e+03 
       2.852001060534e-01       1.205384896459e+03 
       2.883547188426e-01       1.177274855618e+03 
       2.915093324769e-01       1.151550842930e+03 
       2.946639469291e-01       1.128069296448e+03 
       2.978185621729e-01       1.106573062312e+03 
       3.009731781834e-01       1.086729054659e+03 
       3.041277949366e-01       1.068151818283e+03 
       3.072824124094e-01       1.050431304246e+03 
       3.104370305799e-01       1.033173793646e+03 
       3.135916494269e-01       1.016026566301e+03 
       3.167462689301e-01       9.987124254753e+02 
       3.199008890700e-01       9.810571512640e+02 
       3.230555098277e-01       9.629903028116e+02 
       3.262101311854e-01       9.445411094248e+02 
       3.293647531256e-01       9.258137768188e+02 
       3.325193756318e-01       9.069650571543e+02 
       3.356739986879e-01       8.881862339330e+02 
       3.388286222785e-01       8.696628321456e+02 
       3.419832463887e-01       8.515895370036e+02 
       3.451378710042e-01       8.341393850620e+02 
       3.482924961112e-01       8.174511608680e+02 
       3.514471216964e-01       8.016209376330e+02 
       3.546017477469e-01       7.866887381405e+02 
       3.577563742506e-01       7.726291788200e+02 
       3.609110011953e-01       7.593844703978e+02 
       3.640656285696e-01       7.468386888298e+02 
       3.672202563624e-01       7.348573526050e+02 
       3.703748845629e-01       7.233077187160e+02 
       3.735295131607e-01       7.120698083428e+02 
       3.766841421459e-01       7.010346630761e+02 
       3.798387715087e-01       6.901142027542e+02 
       3.829934012397e-01       6.792411327748e+02 
       3.861480313300e-01       6.683720245447e+02 
       3.893026617707e-01       6.574870069887e+02 
       3.924572925534e-01       6.465965736706e+02 
       3.956119236698e-01       6.357322467114e+02 
       3.987665551120e-01       6.249471716047e+02 
       4.019211868723e-01       6.143022225245e+02 
       4.050758189432e-01       6.038564861391e+02 
       4.082304513175e-01       5.936622248105e+02 
       4.113850839882e-01       5.837555331563e+02 
       4.145397169485e-01       5.741627350600e+02 
       4.176943501919e-01       5.648983342689e+02 
       4.208489837118e-01       5.559680290469e+02 
       4.240036175022e-01       5.473690667853e+02 
       4.271582515569e-01       5.390876341976e+02 
       4.303128858703e-01       5.310998875516e+02 
       4.334675204366e-01       5.233701584484e+02 
       4.366221552503e-01       5.158562231760e+02 
       4.397767903060e-01       5.085152807831e+02 
       4.429314255986e-01       5.013067798978e+02 
       4.460860611231e-01       4.942004130604e+02 
       4.492406968745e-01       4.871751532125e+02 
       4.523953328481e-01       4.802176030493e+02 
       4.555499690392e-01       4.733224582936e+02 
       4.587046054433e-01       4.664881895296e+02 
       4.618592420561e-01       4.597177457555e+02 
       4.650138788733e-01       4.530211364838e+02 
       4.681685158907e-01       4.464131673826e+02 
       4.713231531043e-01       4.399129565882e+02 
       4.744777905103e-01       4.335427286528e+02 
       4.776324281046e-01       4.273213072014e+02 
       4.807870658838e-01       4.212615362283e+02 
       4.839417038440e-01       4.153690127109e+02 
       4.870963419819e-01       4.096405640282e+02 
       4.902509802938e-01       4.040695398712e+02 
       4.934056187766e-01       3.986446424745e+02 
       4.965602574269e-01       3.933550375998e+02 
       4.997148962416e-01       3.881897524236e+02 
       5.028695352175e-01       3.831351049903e+02 
       5.060241743516e-01       3.781786794586e+02 
       5.091788136410e-01       3.733052880687e+02 
       5.123334530828e-01       3.685023886105e+02 
       5.154880926742e-01       3.637602254189e+02 
       5.186427324125e-01       3.590736488246e+02 
       5.217973722949e-01       3.544434776989e+02 
       5.249520123188e-01       3.498727442754e+02 
       5.281066524819e-01       3.453673672051e+02 
       5.312612927814e-01       3.409305874535e+02 
       5.344159332151e-01       3.365674978575e+02 
       5.375705737805e-01       3.322782115189e+02 
       5.407252144753e-01       3.280648210690e+02 
       5.438798552974e-01       3.239297127267e+02 
       5.470344962444e-01       3.198751466496e+02 
       5.501891373142e-01       3.159037247078e+02 
       5.533437785047e-01       3.120159689474e+02 
       5.564984198139e-01       3.082100897588e+02 
       5.596530612397e-01       3.044819291090e+02 
       5.628077027802e-01       3.008252100278e+02 
       5.659623444335e-01       2.972347916101e+02 
       5.691169861976e-01       2.937059214758e+02 
       5.722716280707e-01       2.902353902865e+02 
       5.754262700511e-01       2.868219967748e+02 
       5.785809121369e-01       2.834624093899e+02 
       5.817355543265e-01       2.801547912178e+02 
       5.848901966182e-01       2.768944087055e+02 
       5.880448390103e-01       2.736793159590e+02 
       5.911994815012e-01       2.705063908421e+02 
       5.943541240893e-01       2.673766292167e+02 
       5.975087667732e-01       2.642908891146e+02 
       6.006634095512e-01       2.612527393946e+02 
       6.038180524219e-01       2.582630108666e+02 
       6.069726953838e-01       2.553235047460e+02 
       6.101273384356e-01       2.524327646984e+02 
       6.132819815758e-01       2.495901406262e+02 
       6.164366248031e-01       2.467939649834e+02 
       6.195912681162e-01       2.440443329285e+02 
       6.227459115136e-01       2.413407464427e+02 
       6.259005549943e-01       2.386837980512e+02 
       6.290551985568e-01       2.360721337900e+02 
       6.322098422000e-01       2.335039041535e+02 
       6.353644859227e-01       2.309760946418e+02 
       6.385191297237e-01       2.284855222150e+02 
       6.416737736018e-01       2.260305706299e+02 
       6.448284175559e-01       2.236096127945e+02 
       6.479830615849e-01       2.212223486633e+02 
       6.511377056877e-01       2.188699703930e+02 
       6.542923498632e-01       2.165519007533e+02 
       6.574469941104e-01       2.142672808341e+02 
       6.606016384282e-01       2.120146459415e+02 
       6.637562828157e-01       2.097925763926e+02 
       6.669109272718e-01       2.076008239747e+02 
       6.700655717956e-01       2.054392828294e+02 
       6.732202163861e-01       2.033091263448e+02 
       6.763748610424e-01       2.012110292915e+02 
       6.795295057635e-01       1.991452041874e+02 
       6.826841505487e-01       1.971112180904e+02 
       6.858387953968e-01       1.951067510848e+02 
       6.889934403073e-01       1.931314040458e+02 
       6.921480852790e-01       1.911835991349e+02 
       6.953027303113e-01       1.892635735207e+02 
       6.984573754033e-01       1.873706677863e+02 
       7.016120205542e-01       1.855055212994e+02 
       7.047666657632e-01       1.836677527901e+02 
       7.079213110295e-01       1.818557577053e+02 
       7.110759563523e-01       1.800681949111e+02 
       7.142306017310e-01       1.783036843031e+02 
       7.173852471647e-01       1.765615913233e+02 
       7.205398926528e-01       1.748421939752e+02 
       7.236945381945e-01       1.731452239474e+02 
       7.268491837892e-01       1.714720701785e+02 
       7.300038294361e-01       1.698220735765e+02 
       7.331584751345e-01       1.681942295173e+02 
       7.363131208839e-01       1.665881682835e+02 
       7.394677666835e-01       1.650023194063e+02 
       7.426224125327e-01       1.634368267477e+02 
       7.457770584309e-01       1.618915494619e+02 
       8.164864730490e-01       1.320484592448e+02 
       9.197385967762e-01       1.007198051939e+02 
       1.084887377763e+00       6.882666956080e+01 
       1.343291443719e+00       4.170624045243e+01 
       1.689521797387e+00       2.413105110375e+01 
