# Matter power spectrum P(k) at redshift z=0
# for k=1.03438e-05 to 1.68952 h/Mpc,
# number of wavenumbers equal to 608
#    1:k (h/Mpc)              2:P (Mpc/h)^3        
       1.034377253691e-05       4.274069590383e+01 
       2.298708182451e-05       1.001085138816e+02 
       3.567345449244e-05       1.550798475752e+02 
       4.843577427755e-05       2.094770618259e+02 
       6.130745099128e-05       2.628793688288e+02 
       7.432270757525e-05       3.163876693120e+02 
       8.751687603871e-05       3.707600877040e+02 
       1.009267060800e-04       4.256617417642e+02 
       1.145906902245e-04       4.813761184763e+02 
       1.285494093424e-04       5.381373146810e+02 
       1.428459024225e-04       5.962712062718e+02 
       1.575260644373e-04       6.557594613352e+02 
       1.726390760009e-04       7.169869270340e+02 
       1.882378682370e-04       7.803030839510e+02 
       2.043796257592e-04       8.457894601138e+02 
       2.211263298185e-04       9.137904624443e+02 
       2.385453423630e-04       9.846408050773e+02 
       2.567100297960e-04       1.058696157753e+03 
       2.757004224129e-04       1.136355586062e+03 
       2.956039015646e-04       1.218071633489e+03 
       3.165159012327e-04       1.304253958397e+03 
       3.385406035829e-04       1.395474422235e+03 
       3.617915988427e-04       1.492304773345e+03 
       3.863924682796e-04       1.595433786250e+03 
       4.124772350482e-04       1.705540299015e+03 
       4.401906114968e-04       1.823431517028e+03 
       4.696879539980e-04       1.949971559813e+03 
       5.011348192022e-04       2.086101695124e+03 
       5.347060016639e-04       2.232844508333e+03 
       5.705839263313e-04       2.391266552650e+03 
       6.089562760964e-04       2.562492643544e+03 
       6.500127610742e-04       2.747663549513e+03 
       6.939409888116e-04       2.947903800407e+03 
       7.409214770804e-04       3.164279229297e+03 
       7.911219617846e-04       3.397731084706e+03 
       8.446912819979e-04       3.649034225812e+03 
       9.017532524651e-04       3.918720300476e+03 
       9.624010327318e-04       4.207028661425e+03 
       1.026692540352e-03       4.513866258811e+03 
       1.094647409205e-03       4.838799557213e+03 
       1.166245856174e-03       5.181049659421e+03 
       1.241429607779e-03       5.539561583045e+03 
       1.320104792576e-03       5.913099414941e+03 
       1.402146476547e-03       6.300229940207e+03 
       1.487404353598e-03       6.699358517395e+03 
       1.575709029114e-03       7.108919299028e+03 
       1.666878353085e-03       7.527313731682e+03 
       1.760723350695e-03       7.952989216407e+03 
       1.857053430409e-03       8.384464848702e+03 
       1.955680690280e-03       8.820381588649e+03 
       2.056423267540e-03       9.259397339624e+03 
       2.159107771091e-03       9.700390562382e+03 
       2.263570897497e-03       1.014222303304e+04 
       2.369660362164e-03       1.058402966953e+04 
       2.477235285311e-03       1.102490668373e+04 
       2.586166164940e-03       1.146413714597e+04 
       2.696334552844e-03       1.190106981169e+04 
       2.807632530005e-03       1.233512869281e+04 
       2.919962057766e-03       1.276584619117e+04 
       3.033234262958e-03       1.319278440881e+04 
       3.147368699632e-03       1.361559519472e+04 
       3.262292617382e-03       1.403400667992e+04 
       3.377940256374e-03       1.444767414828e+04 
       3.494252181679e-03       1.485641736530e+04 
       3.611174664012e-03       1.526008481842e+04 
       3.728659110039e-03       1.565847828611e+04 
       3.846661542716e-03       1.605148722492e+04 
       3.965142130290e-03       1.643902381004e+04 
       4.084064761512e-03       1.682095986971e+04 
       4.203396663926e-03       1.719728799331e+04 
       4.323108061794e-03       1.756796734063e+04 
       4.443171870167e-03       1.793287805415e+04 
       4.563563421631e-03       1.829208391756e+04 
       4.684260222456e-03       1.864562037223e+04 
       4.805241735092e-03       1.899338449300e+04 
       4.926489184177e-03       1.933539010986e+04 
       5.047985383499e-03       1.967168169418e+04 
       5.169714581592e-03       2.000226899246e+04 
       5.291662323884e-03       2.032716187203e+04 
       5.413815329537e-03       2.064638048794e+04 
       5.536161381329e-03       2.096002672434e+04 
       5.658689227102e-03       2.126808358507e+04 
       5.781388491478e-03       2.157057107683e+04 
       5.904249596697e-03       2.186754327172e+04 
       6.027263691543e-03       2.215908104389e+04 
       6.150422587470e-03       2.244518188796e+04 
       6.273718701141e-03       2.272593006730e+04 
       6.397145002646e-03       2.300137112143e+04 
       6.520694968825e-03       2.327149980415e+04 
       6.644362541099e-03       2.353643009830e+04 
       6.768142087365e-03       2.379621310468e+04 
       6.892028367498e-03       2.405084487445e+04 
       7.016016502094e-03       2.430045115262e+04 
       7.140101944110e-03       2.454500188929e+04 
       7.264280453113e-03       2.478456130623e+04 
       7.388548071852e-03       2.501925976681e+04 
       7.512901104944e-03       2.524906737619e+04 
       7.637336099439e-03       2.547410927636e+04 
       7.761849827095e-03       2.569435176608e+04 
       7.886439268188e-03       2.590986162221e+04 
       8.011101596706e-03       2.612075458557e+04 
       8.135834166804e-03       2.632699712247e+04 
       8.260634500393e-03       2.652879336730e+04 
       8.385500275756e-03       2.672593883692e+04 
       8.510429317101e-03       2.691871048789e+04 
       8.635419584962e-03       2.710706230474e+04 
       8.760469167372e-03       2.729103121297e+04 
       8.885576271737e-03       2.747076678330e+04 
       9.010739217351e-03       2.764618404602e+04 
       9.135956428498e-03       2.781740666375e+04 
       9.261226428080e-03       2.798446839784e+04 
       9.386547831739e-03       2.814743790561e+04 
       9.511919342425e-03       2.830634902697e+04 
       9.637339745369e-03       2.846118651651e+04 
       9.762807903431e-03       2.861214184183e+04 
       9.888322752799e-03       2.875908923453e+04 
       1.001388329899e-02       2.890215138251e+04 
       1.013948861317e-02       2.904140752276e+04 
       1.026513782870e-02       2.917685434861e+04 
       1.039083013794e-02       2.930859263811e+04 
       1.051656478936e-02       2.943659028735e+04 
       1.064234108470e-02       2.956097008798e+04 
       1.076815837648e-02       2.968169592892e+04 
       1.089401606560e-02       2.979884657163e+04 
       1.101991359916e-02       2.991244461394e+04 
       1.114585046836e-02       3.002259364666e+04 
       1.127182620663e-02       3.012928103354e+04 
       1.139784038784e-02       3.023251784100e+04 
       1.152389262466e-02       3.033245468001e+04 
       1.164998256697e-02       3.042906785900e+04 
       1.177610990051e-02       3.052234077220e+04 
       1.190227434546e-02       3.061243154297e+04 
       1.202847565527e-02       3.069925403229e+04 
       1.215471361547e-02       3.078294871917e+04 
       1.228098804261e-02       3.086343214471e+04 
       1.240729878326e-02       3.094092197000e+04 
       1.253364571308e-02       3.101530258199e+04 
       1.266002873599e-02       3.108667060514e+04 
       1.278644778335e-02       3.115508830043e+04 
       1.291290281321e-02       3.122051700331e+04 
       1.303939380966e-02       3.128302407871e+04 
       1.316592078220e-02       3.134273603320e+04 
       1.329248376514e-02       3.139954797716e+04 
       1.341908281708e-02       3.145361631644e+04 
       1.354571802040e-02       3.150484613554e+04 
       1.367238948086e-02       3.155336831770e+04 
       1.379909732714e-02       3.159920357745e+04 
       1.392584171050e-02       3.164239573664e+04 
       1.405262280444e-02       3.168292729192e+04 
       1.417944080438e-02       3.172088202941e+04 
       1.430629592742e-02       3.175626545598e+04 
       1.443318841207e-02       3.178910719125e+04 
       1.456011851807e-02       3.181944547046e+04 
       1.468708652619e-02       3.184734791470e+04 
       1.481409273807e-02       3.187279082267e+04 
       1.494113747611e-02       3.189583104865e+04 
       1.506822108336e-02       3.191649268294e+04 
       1.519534392343e-02       3.193484565609e+04 
       1.532250638045e-02       3.195086127341e+04 
       1.544970885901e-02       3.196464294782e+04 
       1.557695178417e-02       3.197611675046e+04 
       1.570423560146e-02       3.198537602574e+04 
       1.583156077691e-02       3.199245852691e+04 
       1.595892779709e-02       3.199738119829e+04 
       1.608633716918e-02       3.200012531290e+04 
       1.621378942108e-02       3.200080942046e+04 
       1.634128510146e-02       3.199938687885e+04 
       1.646882477995e-02       3.199595880284e+04 
       1.659640904721e-02       3.199048300101e+04 
       1.672403851517e-02       3.198298745714e+04 
       1.685171381711e-02       3.197359287534e+04 
       1.697943560795e-02       3.196222264382e+04 
       1.710720456437e-02       3.194896807122e+04 
       1.723502138510e-02       3.193379251634e+04 
       1.736288679114e-02       3.191686612110e+04 
       1.749080152602e-02       3.189794428114e+04 
       1.761876635605e-02       3.187738229991e+04 
       1.774678207067e-02       3.185508984676e+04 
       1.787484948272e-02       3.183067347166e+04 
       1.800296942875e-02       3.180496587101e+04 
       1.813114276941e-02       3.177740819253e+04 
       1.825937038976e-02       3.174799196254e+04 
       1.838765319968e-02       3.171730239443e+04 
       1.851599213425e-02       3.168460385239e+04 
       1.864438815415e-02       3.165076314340e+04 
       1.877284224610e-02       3.161471983071e+04 
       1.890135542330e-02       3.157746911381e+04 
       1.902992872588e-02       3.153893896186e+04 
       1.915856322142e-02       3.149841230084e+04 
       1.928726000539e-02       3.145695549915e+04 
       1.941602020169e-02       3.141380479907e+04 
       1.954484496322e-02       3.136929394444e+04 
       1.967373547237e-02       3.132302570685e+04 
       1.980269294164e-02       3.127581342934e+04 
       1.993171861423e-02       3.122690420314e+04 
       2.006081376463e-02       3.117688558370e+04 
       2.018997969927e-02       3.112562424182e+04 
       2.031921775719e-02       3.107282301477e+04 
       2.044852931067e-02       3.101873603955e+04 
       2.057791576599e-02       3.096348108092e+04 
       2.070737856411e-02       3.090728779575e+04 
       2.083691918144e-02       3.084978650118e+04 
       2.096653913058e-02       3.079091800322e+04 
       2.109623996116e-02       3.073100732584e+04 
       2.122602326060e-02       3.067014351910e+04 
       2.135589065503e-02       3.060786048961e+04 
       2.148584381008e-02       3.054451098277e+04 
       2.161588443185e-02       3.048044950433e+04 
       2.174601426780e-02       3.041504509282e+04 
       2.187623510771e-02       3.034849860720e+04 
       2.200654878468e-02       3.028114070758e+04 
       2.213695717615e-02       3.021284525693e+04 
       2.226746220493e-02       3.014352353060e+04 
       2.239806584030e-02       3.007335044887e+04 
       2.252877009912e-02       3.000215449697e+04 
       2.265957704700e-02       2.992987231365e+04 
       2.279048879944e-02       2.985682419701e+04 
       2.292150752313e-02       2.978296188064e+04 
       2.305263543715e-02       2.970834237278e+04 
       2.318387481430e-02       2.963273501384e+04 
       2.331522798245e-02       2.955643393472e+04 
       2.344669732592e-02       2.947933436467e+04 
       2.357828528692e-02       2.940129431956e+04 
       2.370999436702e-02       2.932271946112e+04 
       2.384182712870e-02       2.924309634822e+04 
       2.397378619689e-02       2.916328722782e+04 
       2.410587426062e-02       2.908202528404e+04 
       2.423809407471e-02       2.900078782037e+04 
       2.437044846146e-02       2.891841404989e+04 
       2.450294031251e-02       2.883549750026e+04 
       2.463557259063e-02       2.875192031795e+04 
       2.476834833166e-02       2.866788656785e+04 
       2.490127064650e-02       2.858317140346e+04 
       2.503434272311e-02       2.849783459580e+04 
       2.516756782865e-02       2.841178070184e+04 
       2.530094931169e-02       2.832529351334e+04 
       2.543449060440e-02       2.823823809711e+04 
       2.556819522493e-02       2.815083949161e+04 
       2.570206677983e-02       2.806277713834e+04 
       2.583610896652e-02       2.797417120981e+04 
       2.597032557588e-02       2.788513628603e+04 
       2.610472049496e-02       2.779568549151e+04 
       2.623929770972e-02       2.770555108758e+04 
       2.637406130789e-02       2.761513432615e+04 
       2.650901548198e-02       2.752431489089e+04 
       2.664416453232e-02       2.743302008262e+04 
       2.677951287028e-02       2.734142057130e+04 
       2.691506502155e-02       2.724926465981e+04 
       2.705082562962e-02       2.715701655652e+04 
       2.718679945925e-02       2.706422873506e+04 
       2.732299140025e-02       2.697117977681e+04 
       2.745940647125e-02       2.687767353427e+04 
       2.759604982368e-02       2.678392770523e+04 
       2.773292674590e-02       2.668985417650e+04 
       2.787004266751e-02       2.659545079103e+04 
       2.800740316374e-02       2.650071330306e+04 
       2.814501396010e-02       2.640584317653e+04 
       2.828288093719e-02       2.631071245494e+04 
       2.842101013567e-02       2.621522437476e+04 
       2.855940776149e-02       2.611955883699e+04 
       2.869808019122e-02       2.602362667193e+04 
       2.883703397775e-02       2.592750359406e+04 
       2.897627585608e-02       2.583107222992e+04 
       2.911581274943e-02       2.573462061323e+04 
       2.925565177557e-02       2.563794041678e+04 
       2.939580025347e-02       2.554097135416e+04 
       2.953626571012e-02       2.544389602851e+04 
       2.967705588775e-02       2.534670455448e+04 
       2.981817875132e-02       2.524932835569e+04 
       2.995964249633e-02       2.515185514198e+04 
       3.010145555696e-02       2.505419250292e+04 
       3.024362661457e-02       2.495644323447e+04 
       3.038616460667e-02       2.485852948476e+04 
       3.052907873610e-02       2.476053277032e+04 
       3.067237848084e-02       2.466254408105e+04 
       3.081607360410e-02       2.456437552296e+04 
       3.096017416497e-02       2.446610103702e+04 
       3.110469052957e-02       2.436781759405e+04 
       3.124963338261e-02       2.426941732740e+04 
       3.139501373969e-02       2.417092717468e+04 
       3.154084295998e-02       2.407250631664e+04 
       3.168713275967e-02       2.397386468899e+04 
       3.183389522602e-02       2.387535670196e+04 
       3.198114283208e-02       2.377675084621e+04 
       3.212888845217e-02       2.367811410336e+04 
       3.227714537814e-02       2.357938522117e+04 
       3.242592733645e-02       2.348083075305e+04 
       3.257524850613e-02       2.338215030975e+04 
       3.272512353765e-02       2.328345469377e+04 
       3.287556757281e-02       2.318480235021e+04 
       3.302659626564e-02       2.308614853108e+04 
       3.317822580451e-02       2.298740034282e+04 
       3.333047293527e-02       2.288887186568e+04 
       3.348335498583e-02       2.279024113326e+04 
       3.363688989202e-02       2.269164987970e+04 
       3.379109622482e-02       2.259304959867e+04 
       3.394599321929e-02       2.249455005501e+04 
       3.410160080501e-02       2.239613023760e+04 
       3.425793963833e-02       2.229760371573e+04 
       3.441503113652e-02       2.219923583914e+04 
       3.457289751391e-02       2.210091755952e+04 
       3.473156182019e-02       2.200256611901e+04 
       3.489104798104e-02       2.190431084034e+04 
       3.505138084123e-02       2.180614165527e+04 
       3.521258621040e-02       2.170800813809e+04 
       3.537469091170e-02       2.160993084389e+04 
       3.553772283353e-02       2.151187835466e+04 
       3.570171098457e-02       2.141388624044e+04 
       3.586668555244e-02       2.131597964570e+04 
       3.603267796617e-02       2.121813542644e+04 
       3.619972096284e-02       2.112038933361e+04 
       3.636784865883e-02       2.102262254963e+04 
       3.653709662576e-02       2.092489642678e+04 
       3.670750197188e-02       2.082735777661e+04 
       3.687910342907e-02       2.072980994275e+04 
       3.705194144609e-02       2.063230401032e+04 
       3.722605828857e-02       2.053490864527e+04 
       3.740149814632e-02       2.043753651939e+04 
       3.757830724861e-02       2.034022282415e+04 
       3.775653398816e-02       2.024294469549e+04 
       3.793622905462e-02       2.014573949786e+04 
       3.811744557841e-02       2.004860717151e+04 
       3.830023928589e-02       1.995151969733e+04 
       3.848466866697e-02       1.985438279703e+04 
       3.867079515631e-02       1.975735375515e+04 
       3.885868332951e-02       1.966035710789e+04 
       3.904840111573e-02       1.956337727076e+04 
       3.924002002844e-02       1.946643446684e+04 
       3.943361541613e-02       1.936940484962e+04 
       3.962926673512e-02       1.927251745300e+04 
       3.982705784679e-02       1.917558920799e+04 
       4.002707734182e-02       1.907866301892e+04 
       4.022941889459e-02       1.898171867705e+04 
       4.043418165087e-02       1.888475862569e+04 
       4.064147065278e-02       1.878777525370e+04 
       4.085139730524e-02       1.869071715629e+04 
       4.106407988896e-02       1.859366333086e+04 
       4.127964412526e-02       1.849647571879e+04 
       4.149822379948e-02       1.839932889183e+04 
       4.171996144993e-02       1.830204376832e+04 
       4.194500913096e-02       1.820466135792e+04 
       4.217352925967e-02       1.810711548081e+04 
       4.240569555738e-02       1.800955482914e+04 
       4.264169409856e-02       1.791179479640e+04 
       4.288172448228e-02       1.781387783344e+04 
       4.312600114316e-02       1.771579415092e+04 
       4.337475482208e-02       1.761751941597e+04 
       4.362823422012e-02       1.751901222122e+04 
       4.388670786315e-02       1.742025766362e+04 
       4.415046620966e-02       1.732126170366e+04 
       4.441982403988e-02       1.722198466183e+04 
       4.469512317159e-02       1.712232370543e+04 
       4.497673555644e-02       1.702238785625e+04 
       4.526506682091e-02       1.692206226630e+04 
       4.556056032887e-02       1.682129781575e+04 
       4.586370185814e-02       1.672009414014e+04 
       4.617502500260e-02       1.661834026606e+04 
       4.649511743501e-02       1.651609135948e+04 
       4.682462819507e-02       1.641323142159e+04 
       4.716427620371e-02       1.630977871969e+04 
       4.751486025051e-02       1.620557163031e+04 
       4.787727075832e-02       1.610057819019e+04 
       4.825250370191e-02       1.599471964512e+04 
       4.864167714890e-02       1.588793668982e+04 
       4.904605100801e-02       1.578008129740e+04 
       4.946705071735e-02       1.567110289941e+04 
       4.990629579499e-02       1.556089017171e+04 
       5.036563441423e-02       1.544922995360e+04 
       5.084718547252e-02       1.533600319747e+04 
       5.135339001023e-02       1.522097517486e+04 
       5.188707432017e-02       1.510396269356e+04 
       5.245152768425e-02       1.498462614705e+04 
       5.305059838018e-02       1.486271238957e+04 
       5.368881238862e-02       1.473770426209e+04 
       5.437151999697e-02       1.460920915134e+04 
       5.510507598787e-02       1.447650338609e+04 
       5.589705876535e-02       1.433872418851e+04 
       5.675653146941e-02       1.419483636215e+04 
       5.769434164617e-02       1.404345638482e+04 
       5.872344129220e-02       1.388258532380e+04 
       5.985917913846e-02       1.370969056379e+04 
       6.111946164311e-02       1.352125419917e+04 
       6.252458767607e-02       1.331259413166e+04 
       6.409643662249e-02       1.307744197321e+04 
       6.585658180293e-02       1.280787784036e+04 
       6.782297035109e-02       1.249461636802e+04 
       7.000533730381e-02       1.212796367511e+04 
       7.240065619942e-02       1.170057988556e+04 
       7.499106357725e-02       1.121033179917e+04 
       7.774629980839e-02       1.066331684621e+04 
       8.063009913056e-02       1.007421212096e+04 
       8.360731186994e-02       9.464624252083e+03 
       8.664864050675e-02       8.859072060039e+03 
       8.973216211099e-02       8.280706696539e+03 
       9.284265232519e-02       7.748608999089e+03 
       9.597005225540e-02       7.275731794665e+03 
       9.910792646313e-02       6.869181013026e+03 
       1.001428571429e-01       6.750070238237e+03 
       1.022522405909e-01       6.529636152514e+03 
       1.054004972388e-01       6.252659834444e+03 
       1.085511623263e-01       6.030380732018e+03 
       1.117032978721e-01       5.851843689826e+03 
       1.148563319082e-01       5.704710923833e+03 
       1.180099161535e-01       5.576063855441e+03 
       1.211638386505e-01       5.453816902706e+03 
       1.243179703885e-01       5.327589402123e+03 
       1.274722327812e-01       5.189547339337e+03 
       1.306265778845e-01       5.035024626841e+03 
       1.337809763758e-01       4.862649433954e+03 
       1.369354102519e-01       4.674160056117e+03 
       1.400898683964e-01       4.473779435162e+03 
       1.432443438866e-01       4.267365641462e+03 
       1.463988323591e-01       4.061520720876e+03 
       1.495533310161e-01       3.862723237781e+03 
       1.527078380218e-01       3.676602425668e+03 
       1.558623521345e-01       3.507480352983e+03 
       1.590168724829e-01       3.358042113453e+03 
       1.621713984292e-01       3.229307106561e+03 
       1.653259294853e-01       3.120731245969e+03 
       1.684804652616e-01       3.030433375977e+03 
       1.716350054344e-01       2.955510272319e+03 
       1.747895497264e-01       2.892367527066e+03 
       1.779440978943e-01       2.837174891538e+03 
       1.810986497199e-01       2.786752686612e+03 
       1.842532050054e-01       2.736580100164e+03 
       1.874077635697e-01       2.683599325171e+03 
       1.905623252454e-01       2.625629456389e+03 
       1.937168898775e-01       2.561567688745e+03 
       1.968714573216e-01       2.491356648471e+03 
       2.000260274429e-01       2.415929478445e+03 
       2.031806001154e-01       2.336863728191e+03 
       2.063351752208e-01       2.256172193328e+03 
       2.094897526483e-01       2.175929045306e+03 
       2.126443322938e-01       2.098138198196e+03 
       2.157989140591e-01       2.024489345350e+03 
       2.189534978519e-01       1.956276915760e+03 
       2.221080835853e-01       1.894392116704e+03 
       2.252626711772e-01       1.839237229268e+03 
       2.284172605499e-01       1.790753559914e+03 
       2.315718516302e-01       1.748446313316e+03 
       2.347264443489e-01       1.711445662243e+03 
       2.378810386403e-01       1.678628828178e+03 
       2.410356344422e-01       1.648710603293e+03 
       2.441902316958e-01       1.620422232620e+03 
       2.473448303451e-01       1.592597141808e+03 
       2.504994303370e-01       1.564276656050e+03 
       2.536540316213e-01       1.534768164787e+03 
       2.568086341499e-01       1.503636426092e+03 
       2.599632378773e-01       1.470764490508e+03 
       2.631178427602e-01       1.436278665176e+03 
       2.662724487571e-01       1.400559965746e+03 
       2.694270558288e-01       1.364169377374e+03 
       2.725816639377e-01       1.327783628647e+03 
       2.757362730480e-01       1.292111742324e+03 
       2.788908831256e-01       1.257789984367e+03 
       2.820454941378e-01       1.225334663663e+03 
       2.852001060534e-01       1.195092183838e+03 
       2.883547188426e-01       1.167218522711e+03 
       2.915093324769e-01       1.141710768176e+03 
       2.946639469291e-01       1.118426560997e+03 
       2.978185621729e-01       1.097110917142e+03 
       3.009731781834e-01       1.077433568427e+03 
       3.041277949366e-01       1.059012336378e+03 
       3.072824124094e-01       1.041440670838e+03 
       3.104370305799e-01       1.024328211978e+03 
       3.135916494269e-01       1.007325245607e+03 
       3.167462689301e-01       9.901569414540e+02 
       3.199008890700e-01       9.726505730319e+02 
       3.230555098277e-01       9.547363029773e+02 
       3.262101311854e-01       9.364431037075e+02 
       3.293647531256e-01       9.178742820157e+02 
       3.325193756318e-01       8.991852460529e+02 
       3.356739986879e-01       8.805656374958e+02 
       3.388286222785e-01       8.621993814594e+02 
       3.419832463887e-01       8.442794828604e+02 
       3.451378710042e-01       8.269774880549e+02 
       3.482924961112e-01       8.104309858388e+02 
       3.514471216964e-01       7.947352148905e+02 
       3.546017477469e-01       7.799298426752e+02 
       3.577563742506e-01       7.659896968245e+02 
       3.609110011953e-01       7.528574808927e+02 
       3.640656285696e-01       7.404182601970e+02 
       3.672202563624e-01       7.285387004648e+02 
       3.703748845629e-01       7.170871952429e+02 
       3.735295131607e-01       7.059447966374e+02 
       3.766841421459e-01       6.950034807441e+02 
       3.798387715087e-01       6.841759197108e+02 
       3.829934012397e-01       6.733953950665e+02 
       3.861480313300e-01       6.626188524676e+02 
       3.893026617707e-01       6.518265915937e+02 
       3.924572925534e-01       6.410290118827e+02 
       3.956119236698e-01       6.302573610121e+02 
       3.987665551120e-01       6.195643270280e+02 
       4.019211868723e-01       6.090102596737e+02 
       4.050758189432e-01       5.986537329918e+02 
       4.082304513175e-01       5.885465552369e+02 
       4.113850839882e-01       5.787245089746e+02 
       4.145397169485e-01       5.692136907385e+02 
       4.176943501919e-01       5.600284762430e+02 
       4.208489837118e-01       5.511745105040e+02 
       4.240036175022e-01       5.426490630775e+02 
       4.271582515569e-01       5.344384396248e+02 
       4.303128858703e-01       5.265189998941e+02 
       4.334675204366e-01       5.188553796074e+02 
       4.366221552503e-01       5.114057177036e+02 
       4.397767903060e-01       5.041275828544e+02 
       4.429314255986e-01       4.969807726679e+02 
       4.460860611231e-01       4.899352385883e+02 
       4.492406968745e-01       4.829701336127e+02 
       4.523953328481e-01       4.760721767016e+02 
       4.555499690392e-01       4.692361092526e+02 
       4.587046054433e-01       4.624604129898e+02 
       4.618592420561e-01       4.557480099235e+02 
       4.650138788733e-01       4.491088235385e+02 
       4.681685158907e-01       4.425575318703e+02 
       4.713231531043e-01       4.361130862317e+02 
       4.744777905103e-01       4.297975174393e+02 
       4.776324281046e-01       4.236294864303e+02 
       4.807870658838e-01       4.176217265425e+02 
       4.839417038440e-01       4.117797850167e+02 
       4.870963419819e-01       4.061005147404e+02 
       4.902509802938e-01       4.005773224937e+02 
       4.934056187766e-01       3.951990085646e+02 
       4.965602574269e-01       3.899548315413e+02 
       4.997148962416e-01       3.848339116878e+02 
       5.028695352175e-01       3.798226848213e+02 
       5.060241743516e-01       3.749088429634e+02 
       5.091788136410e-01       3.700773293231e+02 
       5.123334530828e-01       3.653157086978e+02 
       5.154880926742e-01       3.606143091355e+02 
       5.186427324125e-01       3.559680260566e+02 
       5.217973722949e-01       3.513776712684e+02 
       5.249520123188e-01       3.468462496114e+02 
       5.281066524819e-01       3.423796277034e+02 
       5.312612927814e-01       3.379810188607e+02 
       5.344159332151e-01       3.336554720853e+02 
       5.375705737805e-01       3.294030985430e+02 
       5.407252144753e-01       3.252259718126e+02 
       5.438798552974e-01       3.211264576248e+02 
       5.470344962444e-01       3.171067969506e+02 
       5.501891373142e-01       3.131695684417e+02 
       5.533437785047e-01       3.093152886277e+02 
       5.564984198139e-01       3.055421833455e+02 
       5.596530612397e-01       3.018461309870e+02 
       5.628077027802e-01       2.982209085125e+02 
       5.659623444335e-01       2.946614185515e+02 
       5.691169861976e-01       2.911629496794e+02 
       5.722716280707e-01       2.877223208110e+02 
       5.754262700511e-01       2.843383409237e+02 
       5.785809121369e-01       2.810077064689e+02 
       5.817355543265e-01       2.777285960784e+02 
       5.848901966182e-01       2.744963176154e+02 
       5.880448390103e-01       2.713089421084e+02 
       5.911994815012e-01       2.681633737441e+02 
       5.943541240893e-01       2.650605992804e+02 
       5.975087667732e-01       2.620014696538e+02 
       6.006634095512e-01       2.589895230204e+02 
       6.038180524219e-01       2.560255824181e+02 
       6.069726953838e-01       2.531114328932e+02 
       6.101273384356e-01       2.502456309219e+02 
       6.132819815758e-01       2.474275323363e+02 
       6.164366248031e-01       2.446554836514e+02 
       6.195912681162e-01       2.419295785880e+02 
       6.227459115136e-01       2.392493234901e+02 
       6.259005549943e-01       2.366153061182e+02 
       6.290551985568e-01       2.340261840006e+02 
       6.322098422000e-01       2.314801230652e+02 
       6.353644859227e-01       2.289741348623e+02 
       6.385191297237e-01       2.265050643020e+02 
       6.416737736018e-01       2.240713090797e+02 
       6.448284175559e-01       2.216712556690e+02 
       6.479830615849e-01       2.193046064290e+02 
       6.511377056877e-01       2.169725435140e+02 
       6.542923498632e-01       2.146744947600e+02 
       6.574469941104e-01       2.124096082381e+02 
       6.606016384282e-01       2.101764316604e+02 
       6.637562828157e-01       2.079735579164e+02 
       6.669109272718e-01       2.058007411199e+02 
       6.700655717956e-01       2.036578759579e+02 
       6.732202163861e-01       2.015461252845e+02 
       6.763748610424e-01       1.994661581988e+02 
       6.795295057635e-01       1.974181856061e+02 
       6.826841505487e-01       1.954017780603e+02 
       6.858387953968e-01       1.934146353730e+02 
       6.889934403073e-01       1.914563619550e+02 
       6.921480852790e-01       1.895253939264e+02 
       6.953027303113e-01       1.876219662521e+02 
       6.984573754033e-01       1.857454248421e+02 
       7.016120205542e-01       1.838964034979e+02 
       7.047666657632e-01       1.820745245304e+02 
       7.079213110295e-01       1.802781972656e+02 
       7.110759563523e-01       1.785060918370e+02 
       7.142306017310e-01       1.767568400000e+02 
       7.173852471647e-01       1.750298129582e+02 
       7.205398926528e-01       1.733252863598e+02 
       7.236945381945e-01       1.716429938988e+02 
       7.268491837892e-01       1.699843122861e+02 
       7.300038294361e-01       1.683485883485e+02 
       7.331584751345e-01       1.667348263067e+02 
       7.363131208839e-01       1.651426593949e+02 
       7.394677666835e-01       1.635705305400e+02 
       7.426224125327e-01       1.620185825062e+02 
       7.457770584309e-01       1.604866758295e+02 
       8.164864730490e-01       1.309019394905e+02 
       9.197385967762e-01       9.984478608767e+01 
       1.084887377763e+00       6.822835462448e+01 
       1.343291443719e+00       4.134348127352e+01 
       1.689521797387e+00       2.392107760988e+01 
